crossing time (s)	slope (V/s)	crossing number
281474976710655.000000	-52.425369	3871	0.000000
281474976710655.000000	-133.270889	3872	0.000000
281474976710655.000000	-69.354095	3873	0.000000
281474976710655.000000	-44.439571	3874	0.000000
281474976710655.000000	-105.135887	3875	0.000000
281474976710655.000000	-68.099213	3876	0.000000
281474976710655.000000	-66.235054	3877	0.000000
281474976710655.000000	-65.724663	3878	0.000000
281474976710655.000000	-66.812920	3879	0.000000
281474976710655.000000	-67.031868	3880	0.000000
281474976710655.000000	-50.963360	3881	0.000000
281474976710655.000000	-67.631973	3882	0.000000
281474976710655.000000	-67.128853	3883	0.000000
281474976710655.000000	-71.815956	3884	0.000000
281474976710655.000000	-62.769501	3885	0.000000
281474976710655.000000	-43.359997	3886	0.000000
281474976710655.000000	-32.980267	3887	0.000000
281474976710655.000000	-64.320511	3888	0.000000
281474976710655.000000	-43.691673	3889	0.000000
281474976710655.000000	-69.983086	3890	0.000000
281474976710655.000000	-65.180069	3891	0.000000
281474976710655.000000	-64.860367	3892	0.000000
281474976710655.000000	-65.317787	3893	0.000000
281474976710655.000000	-69.178200	3894	0.000000
281474976710655.000000	-100.591721	3895	0.000000
281474976710655.000000	-63.784325	3896	0.000000
281474976710655.000000	-70.285049	3897	0.000000
281474976710655.000000	-68.237846	3898	0.000000
281474976710655.000000	-64.093422	3899	0.000000
281474976710655.000000	-49.519588	3900	0.000000
281474976710655.000000	-98.736732	3901	0.000000
281474976710655.000000	-62.276115	3902	0.000000
281474976710655.000000	-42.735466	3903	0.000000
281474976710655.000000	-63.225716	3904	0.000000
281474976710655.000000	-64.123825	3905	0.000000
281474976710655.000000	-66.841095	3906	0.000000
281474976710655.000000	-96.893814	3907	0.000000
281474976710655.000000	-62.353672	3908	0.000000
281474976710655.000000	-64.103981	3909	0.000000
281474976710655.000000	-61.736362	3910	0.000000
281474976710655.000000	-97.149673	3911	0.000000
281474976710655.000000	-61.783630	3912	0.000000
281474976710655.000000	-62.525364	3913	0.000000
281474976710655.000000	-61.135181	3914	0.000000
281474976710655.000000	-66.507431	3915	0.000000
281474976710655.000000	-61.786041	3916	0.000000
281474976710655.000000	-63.325493	3917	0.000000
281474976710655.000000	-60.200638	3918	0.000000
281474976710655.000000	-62.088882	3919	0.000000
281474976710655.000000	-60.795193	3920	0.000000
281474976710655.000000	-66.213867	3921	0.000000
281474976710655.000000	-59.656345	3922	0.000000
281474976710655.000000	-46.592670	3923	0.000000
281474976710655.000000	-93.830940	3924	0.000000
281474976710655.000000	-93.727074	3925	0.000000
281474976710655.000000	-64.688713	3926	0.000000
281474976710655.000000	-93.592781	3927	0.000000
281474976710655.000000	-39.699589	3928	0.000000
281474976710655.000000	-62.313679	3929	0.000000
281474976710655.000000	-58.784214	3930	0.000000
281474976710655.000000	-39.587776	3931	0.000000
281474976710655.000000	-90.939384	3932	0.000000
281474976710655.000000	-60.769386	3933	0.000000
281474976710655.000000	-114.891945	3934	0.000000
281474976710655.000000	-58.617805	3935	0.000000
281474976710655.000000	-38.243492	3936	0.000000
281474976710655.000000	-59.318962	3937	0.000000
281474976710655.000000	-57.340946	3938	0.000000
281474976710655.000000	-39.874573	3939	0.000000
281474976710655.000000	-57.741920	3940	0.000000
281474976710655.000000	-45.986332	3941	0.000000
281474976710655.000000	-89.420303	3942	0.000000
281474976710655.000000	-44.542191	3943	0.000000
281474976710655.000000	-44.905304	3944	0.000000
281474976710655.000000	-62.612602	3945	0.000000
281474976710655.000000	-56.410851	3946	0.000000
281474976710655.000000	-57.726288	3947	0.000000
281474976710655.000000	-38.640514	3948	0.000000
281474976710655.000000	-38.239216	3949	0.000000
281474976710655.000000	-56.030373	3950	0.000000
281474976710655.000000	-57.014881	3951	0.000000
281474976710655.000000	-112.686211	3952	0.000000
281474976710655.000000	-88.670761	3953	0.000000
281474976710655.000000	-55.615585	3954	0.000000
281474976710655.000000	-56.571602	3955	0.000000
281474976710655.000000	-55.269291	3956	0.000000
281474976710655.000000	-57.584225	3957	0.000000
281474976710655.000000	-54.967781	3958	0.000000
281474976710655.000000	-43.920990	3959	0.000000
281474976710655.000000	-83.346130	3960	0.000000
281474976710655.000000	-55.674606	3961	0.000000
281474976710655.000000	-42.743393	3962	0.000000
281474976710655.000000	-55.606125	3963	0.000000
281474976710655.000000	-40.900917	3964	0.000000
281474976710655.000000	-86.183319	3965	0.000000
281474976710655.000000	-53.852844	3966	0.000000
281474976710655.000000	-50.593513	3967	0.000000
281474976710655.000000	-70.056755	3968	0.000000
281474976710655.000000	-45.693211	3969	0.000000
281474976710655.000000	-70.582397	3970	0.000000
281474976710655.000000	-54.836021	3971	0.000000
281474976710655.000000	-51.833347	3972	0.000000
281474976710655.000000	-35.297440	3973	0.000000
281474976710655.000000	-53.124413	3974	0.000000
281474976710655.000000	-54.002151	3975	0.000000
281474976710655.000000	-40.505054	3976	0.000000
281474976710655.000000	-71.290176	3977	0.000000
281474976710655.000000	-40.537285	3978	0.000000
281474976710655.000000	-69.404816	3979	0.000000
281474976710655.000000	-52.221577	3980	0.000000
281474976710655.000000	-40.389683	3981	0.000000
281474976710655.000000	-52.228897	3982	0.000000
281474976710655.000000	-40.394981	3983	0.000000
281474976710655.000000	-68.442924	3984	0.000000
281474976710655.000000	-50.157745	3985	0.000000
281474976710655.000000	-50.291866	3986	0.000000
281474976710655.000000	-34.667313	3987	0.000000
281474976710655.000000	-50.469604	3988	0.000000
281474976710655.000000	-50.885353	3989	0.000000
281474976710655.000000	-37.972935	3990	0.000000
281474976710655.000000	-39.931961	3991	0.000000
281474976710655.000000	-54.905994	3992	0.000000
281474976710655.000000	-50.823589	3993	0.000000
281474976710655.000000	-48.626389	3994	0.000000
281474976710655.000000	-66.829185	3995	0.000000
281474976710655.000000	-53.132263	3996	0.000000
281474976710655.000000	-48.333168	3997	0.000000
281474976710655.000000	-43.908321	3998	0.000000
281474976710655.000000	-59.529041	3999	0.000000
281474976710655.000000	-40.938221	4000	0.000000
281474976710655.000000	-38.454113	4001	0.000000
281474976710655.000000	-64.698555	4002	0.000000
281474976710655.000000	-47.755116	4003	0.000000
281474976710655.000000	-56.248142	4004	0.000000
281474976710655.000000	-63.619255	4005	0.000000
281474976710655.000000	-47.471619	4006	0.000000
281474976710655.000000	-36.538017	4007	0.000000
281474976710655.000000	-72.747711	4008	0.000000
281474976710655.000000	-47.036327	4009	0.000000
281474976710655.000000	-42.661831	4010	0.000000
281474976710655.000000	-45.047523	4011	0.000000
281474976710655.000000	-70.638756	4012	0.000000
281474976710655.000000	-45.309067	4013	0.000000
281474976710655.000000	-37.262852	4014	0.000000
281474976710655.000000	-40.386929	4015	0.000000
281474976710655.000000	-55.319519	4016	0.000000
281474976710655.000000	-44.896263	4017	0.000000
281474976710655.000000	-40.070522	4018	0.000000
281474976710655.000000	-45.201054	4019	0.000000
281474976710655.000000	-44.406254	4020	0.000000
281474976710655.000000	-33.900677	4021	0.000000
281474976710655.000000	-58.459511	4022	0.000000
281474976710655.000000	-37.383892	4023	0.000000
281474976710655.000000	-50.076725	4024	0.000000
281474976710655.000000	-43.726337	4025	0.000000
281474976710655.000000	-41.916290	4026	0.000000
281474976710655.000000	-34.524876	4027	0.000000
281474976710655.000000	-45.854347	4028	0.000000
281474976710655.000000	-56.526798	4029	0.000000
281474976710655.000000	-36.147018	4030	0.000000
281474976710655.000000	-39.244530	4031	0.000000
281474976710655.000000	-41.205662	4032	0.000000
281474976710655.000000	-35.765663	4033	0.000000
281474976710655.000000	-35.836224	4034	0.000000
281474976710655.000000	-31.744057	4035	0.000000
281474976710655.000000	-45.370541	4036	0.000000
281474976710655.000000	-40.203224	4037	0.000000
281474976710655.000000	-42.261738	4038	0.000000
281474976710655.000000	-48.549431	4039	0.000000
281474976710655.000000	-40.346485	4040	0.000000
281474976710655.000000	-39.411335	4041	0.000000
281474976710655.000000	-42.906425	4042	0.000000
281474976710655.000000	-47.615410	4043	0.000000
281474976710655.000000	-37.846867	4044	0.000000
281474976710655.000000	-39.364605	4045	0.000000
281474976710655.000000	-32.348904	4046	0.000000
281474976710655.000000	-33.045212	4047	0.000000
281474976710655.000000	-48.247433	4048	0.000000
281474976710655.000000	-32.787487	4049	0.000000
281474976710655.000000	-36.194954	4050	0.000000
281474976710655.000000	-43.004128	4051	0.000000
281474976710655.000000	-32.692837	4052	0.000000
281474976710655.000000	-38.375320	4053	0.000000
281474976710655.000000	-40.116028	4054	0.000000
281474976710655.000000	-33.405067	4055	0.000000
281474976710655.000000	-33.939247	4056	0.000000
281474976710655.000000	-33.618458	4057	0.000000
281474976710655.000000	-28.257948	4058	0.000000
281474976710655.000000	-42.017525	4059	0.000000
281474976710655.000000	-34.499813	4060	0.000000
281474976710655.000000	-34.583969	4061	0.000000
281474976710655.000000	-42.870556	4062	0.000000
281474976710655.000000	-32.563732	4063	0.000000
281474976710655.000000	-30.319078	4064	0.000000
281474976710655.000000	-33.878925	4065	0.000000
281474976710655.000000	-30.631735	4066	0.000000
281474976710655.000000	-33.392151	4067	0.000000
281474976710655.000000	-32.488529	4068	0.000000
281474976710655.000000	-27.117201	4069	0.000000
281474976710655.000000	-34.213726	4070	0.000000
281474976710655.000000	-28.842096	4071	0.000000
281474976710655.000000	-41.557896	4072	0.000000
281474976710655.000000	-33.535362	4073	0.000000
281474976710655.000000	-30.820635	4074	0.000000
281474976710655.000000	-34.873905	4075	0.000000
281474976710655.000000	-26.998266	4076	0.000000
281474976710655.000000	-31.018826	4077	0.000000
281474976710655.000000	-29.210798	4078	0.000000
281474976710655.000000	-30.573433	4079	0.000000
281474976710655.000000	-36.378490	4080	0.000000
281474976710655.000000	-25.693596	4081	0.000000
281474976710655.000000	-35.214367	4082	0.000000
281474976710655.000000	-30.784546	4083	0.000000
281474976710655.000000	-25.855316	4084	0.000000
281474976710655.000000	-36.330208	4085	0.000000
281474976710655.000000	-28.962875	4086	0.000000
281474976710655.000000	-30.981756	4087	0.000000
281474976710655.000000	-28.417490	4088	0.000000
281474976710655.000000	-24.518167	4089	0.000000
281474976710655.000000	-26.627176	4090	0.000000
281474976710655.000000	-32.018696	4091	0.000000
281474976710655.000000	-28.150274	4092	0.000000
281474976710655.000000	-27.423237	4093	0.000000
281474976710655.000000	-28.380535	4094	0.000000
281474976710655.000000	-26.893892	4095	0.000000
281474976710655.000000	-29.589808	4096	0.000000
281474976710655.000000	-27.718651	4097	0.000000
281474976710655.000000	-23.977749	4098	0.000000
281474976710655.000000	-26.851965	4099	0.000000
281474976710655.000000	-28.030855	4100	0.000000
281474976710655.000000	-24.694363	4101	0.000000
281474976710655.000000	-27.423506	4102	0.000000
281474976710655.000000	-24.367254	4103	0.000000
281474976710655.000000	-31.361017	4104	0.000000
281474976710655.000000	-22.915512	4105	0.000000
281474976710655.000000	-29.933060	4106	0.000000
281474976710655.000000	-21.311121	4107	0.000000
281474976710655.000000	-29.225647	4108	0.000000
281474976710655.000000	-23.238346	4109	0.000000
281474976710655.000000	-25.013382	4110	0.000000
281474976710655.000000	-23.552618	4111	0.000000
281474976710655.000000	-24.622620	4112	0.000000
281474976710655.000000	-22.695345	4113	0.000000
281474976710655.000000	-23.279564	4114	0.000000
281474976710655.000000	-21.951620	4115	0.000000
281474976710655.000000	-23.312826	4116	0.000000
281474976710655.000000	-22.993162	4117	0.000000
281474976710655.000000	-23.449362	4118	0.000000
281474976710655.000000	-22.262869	4119	0.000000
281474976710655.000000	-22.424704	4120	0.000000
281474976710655.000000	-21.746410	4121	0.000000
281474976710655.000000	-22.148499	4122	0.000000
281474976710655.000000	-20.863008	4123	0.000000
281474976710655.000000	-22.249229	4124	0.000000
281474976710655.000000	-20.444492	4125	0.000000
281474976710655.000000	-21.957247	4126	0.000000
281474976710655.000000	-21.356720	4127	0.000000
281474976710655.000000	-21.085228	4128	0.000000
281474976710655.000000	-21.028330	4129	0.000000
281474976710655.000000	-21.000370	4130	0.000000
281474976710655.000000	-20.316021	4131	0.000000
281474976710655.000000	-20.617228	4132	0.000000
281474976710655.000000	-19.972721	4133	0.000000
281474976710655.000000	-20.725090	4134	0.000000
281474976710655.000000	-19.727255	4135	0.000000
281474976710655.000000	-20.341101	4136	0.000000
281474976710655.000000	-19.229942	4137	0.000000
281474976710655.000000	-19.687113	4138	0.000000
281474976710655.000000	-19.020794	4139	0.000000
281474976710655.000000	-19.025293	4140	0.000000
281474976710655.000000	-20.452328	4141	0.000000
281474976710655.000000	-18.518583	4142	0.000000
281474976710655.000000	-19.503513	4143	0.000000
281474976710655.000000	-17.922377	4144	0.000000
281474976710655.000000	-18.164680	4145	0.000000
281474976710655.000000	-17.898729	4146	0.000000
281474976710655.000000	-18.327311	4147	0.000000
281474976710655.000000	-17.650282	4148	0.000000
281474976710655.000000	-18.020578	4149	0.000000
281474976710655.000000	-18.129211	4150	0.000000
281474976710655.000000	-16.913040	4151	0.000000
281474976710655.000000	-18.013210	4152	0.000000
281474976710655.000000	-16.653868	4153	0.000000
281474976710655.000000	-17.921177	4154	0.000000
281474976710655.000000	-16.401476	4155	0.000000
281474976710655.000000	-17.851149	4156	0.000000
281474976710655.000000	-16.162802	4157	0.000000
281474976710655.000000	-17.990456	4158	0.000000
281474976710655.000000	-15.795628	4159	0.000000
281474976710655.000000	-17.546200	4160	0.000000
281474976710655.000000	-15.626512	4161	0.000000
281474976710655.000000	-16.871080	4162	0.000000
281474976710655.000000	-15.541806	4163	0.000000
281474976710655.000000	-16.193638	4164	0.000000
281474976710655.000000	-15.525196	4165	0.000000
281474976710655.000000	-15.329540	4166	0.000000
281474976710655.000000	-15.906764	4167	0.000000
281474976710655.000000	-14.940022	4168	0.000000
281474976710655.000000	-15.549818	4169	0.000000
281474976710655.000000	-14.402864	4170	0.000000
281474976710655.000000	-15.392006	4171	0.000000
281474976710655.000000	-14.184259	4172	0.000000
281474976710655.000000	-14.984529	4173	0.000000
281474976710655.000000	-13.882381	4174	0.000000
281474976710655.000000	-14.356185	4175	0.000000
281474976710655.000000	-13.828169	4176	0.000000
281474976710655.000000	-14.239395	4177	0.000000
281474976710655.000000	-14.088154	4178	0.000000
281474976710655.000000	-13.691980	4179	0.000000
281474976710655.000000	-14.490007	4180	0.000000
281474976710655.000000	-13.311324	4181	0.000000
281474976710655.000000	-14.332859	4182	0.000000
281474976710655.000000	-12.834849	4183	0.000000
281474976710655.000000	-14.043049	4184	0.000000
281474976710655.000000	-12.797927	4185	0.000000
281474976710655.000000	-14.254348	4186	0.000000
281474976710655.000000	-12.323681	4187	0.000000
281474976710655.000000	-13.851110	4188	0.000000
281474976710655.000000	-12.356438	4189	0.000000
281474976710655.000000	-13.449812	4190	0.000000
281474976710655.000000	-12.523980	4191	0.000000
281474976710655.000000	-12.973760	4192	0.000000
281474976710655.000000	-12.704105	4193	0.000000
281474976710655.000000	-12.266504	4194	0.000000
281474976710655.000000	-12.527133	4195	0.000000
281474976710655.000000	-11.770250	4196	0.000000
281474976710655.000000	-12.613147	4197	0.000000
281474976710655.000000	-11.463428	4198	0.000000
281474976710655.000000	-12.132847	4199	0.000000
281474976710655.000000	-11.484566	4200	0.000000
281474976710655.000000	-11.978618	4201	0.000000
281474976710655.000000	-11.624001	4202	0.000000
281474976710655.000000	-11.470281	4203	0.000000
281474976710655.000000	-11.553271	4204	0.000000
281474976710655.000000	-10.902935	4205	0.000000
281474976710655.000000	-11.612381	4206	0.000000
281474976710655.000000	-10.621329	4207	0.000000
281474976710655.000000	-11.548680	4208	0.000000
281474976710655.000000	-10.343353	4209	0.000000
281474976710655.000000	-11.332427	4210	0.000000
281474976710655.000000	-10.331995	4211	0.000000
281474976710655.000000	-11.225416	4212	0.000000
281474976710655.000000	-10.016610	4213	0.000000
281474976710655.000000	-11.211652	4214	0.000000
281474976710655.000000	-9.980648	4215	0.000000
281474976710655.000000	-10.621310	4216	0.000000
281474976710655.000000	-10.067802	4217	0.000000
281474976710655.000000	-10.255230	4218	0.000000
281474976710655.000000	-10.100762	4219	0.000000
281474976710655.000000	-9.851840	4220	0.000000
281474976710655.000000	-10.161032	4221	0.000000
281474976710655.000000	-9.347521	4222	0.000000
281474976710655.000000	-10.082356	4223	0.000000
281474976710655.000000	-9.068621	4224	0.000000
281474976710655.000000	-10.009296	4225	0.000000
281474976710655.000000	-8.892564	4226	0.000000
281474976710655.000000	-9.701306	4227	0.000000
281474976710655.000000	-8.928769	4228	0.000000
281474976710655.000000	-9.221966	4229	0.000000
281474976710655.000000	-9.054711	4230	0.000000
281474976710655.000000	-8.782310	4231	0.000000
281474976710655.000000	-9.041498	4232	0.000000
281474976710655.000000	-8.529695	4233	0.000000
281474976710655.000000	-9.013970	4234	0.000000
281474976710655.000000	-8.308579	4235	0.000000
281474976710655.000000	-8.954973	4236	0.000000
281474976710655.000000	-8.195813	4237	0.000000
281474976710655.000000	-8.816500	4238	0.000000
281474976710655.000000	-8.154449	4239	0.000000
281474976710655.000000	-8.655190	4240	0.000000
281474976710655.000000	-8.144117	4241	0.000000
281474976710655.000000	-8.249061	4242	0.000000
281474976710655.000000	-8.213650	4243	0.000000
281474976710655.000000	-8.033706	4244	0.000000
281474976710655.000000	-8.354359	4245	0.000000
281474976710655.000000	-7.614983	4246	0.000000
281474976710655.000000	-8.272397	4247	0.000000
281474976710655.000000	-7.461967	4248	0.000000
281474976710655.000000	-8.229897	4249	0.000000
281474976710655.000000	-7.095658	4250	0.000000
281474976710655.000000	-7.938787	4251	0.000000
281474976710655.000000	-7.050025	4252	0.000000
281474976710655.000000	-7.802047	4253	0.000000
281474976710655.000000	-7.018508	4254	0.000000
281474976710655.000000	-7.362331	4255	0.000000
281474976710655.000000	-7.083756	4256	0.000000
281474976710655.000000	-7.046943	4257	0.000000
281474976710655.000000	-7.211244	4258	0.000000
281474976710655.000000	-6.783368	4259	0.000000
281474976710655.000000	-7.247310	4260	0.000000
281474976710655.000000	-6.566173	4261	0.000000
281474976710655.000000	-7.169608	4262	0.000000
281474976710655.000000	-6.456354	4263	0.000000
281474976710655.000000	-6.990165	4264	0.000000
281474976710655.000000	-6.418982	4265	0.000000
281474976710655.000000	-6.825388	4266	0.000000
281474976710655.000000	-6.471971	4267	0.000000
281474976710655.000000	-6.460105	4268	0.000000
281474976710655.000000	-6.524593	4269	0.000000
281474976710655.000000	-6.107965	4270	0.000000
281474976710655.000000	-6.665686	4271	0.000000
281474976710655.000000	-5.847600	4272	0.000000
281474976710655.000000	-6.542266	4273	0.000000
281474976710655.000000	-5.566504	4274	0.000000
281474976710655.000000	-6.437313	4275	0.000000
281474976710655.000000	-5.442233	4276	0.000000
281474976710655.000000	-6.233591	4277	0.000000
281474976710655.000000	-5.374382	4278	0.000000
281474976710655.000000	-5.925465	4279	0.000000
281474976710655.000000	-5.413441	4280	0.000000
281474976710655.000000	-5.589950	4281	0.000000
281474976710655.000000	-5.462151	4282	0.000000
281474976710655.000000	-5.256212	4283	0.000000
281474976710655.000000	-5.468590	4284	0.000000
281474976710655.000000	-4.955964	4285	0.000000
281474976710655.000000	-5.449035	4286	0.000000
281474976710655.000000	-5.327019	4287	0.000000
281474976710655.000000	-5.075387	4288	0.000000
281474976710655.000000	-4.778529	4289	0.000000
281474976710655.000000	-4.900022	4290	0.000000
281474976710655.000000	-5.012771	4291	0.000000
281474976710655.000000	-4.996279	4292	0.000000
281474976710655.000000	-4.916874	4293	0.000000
281474976710655.000000	-4.637431	4294	0.000000
