crossing time (s)	slope (V/s)	crossing number
281474976710655.000000	-33.724846	5320	0.000000
281474976710655.000000	-48.270210	5321	0.000000
281474976710655.000000	-38.429432	5322	0.000000
281474976710655.000000	-36.445881	5323	0.000000
281474976710655.000000	-38.980015	5324	0.000000
281474976710655.000000	-44.776352	5325	0.000000
281474976710655.000000	-36.550915	5326	0.000000
281474976710655.000000	-33.662922	5327	0.000000
281474976710655.000000	-39.037487	5328	0.000000
281474976710655.000000	-33.393429	5329	0.000000
281474976710655.000000	-33.367107	5330	0.000000
281474976710655.000000	-44.568764	5331	0.000000
281474976710655.000000	-37.140514	5332	0.000000
281474976710655.000000	-33.038689	5333	0.000000
281474976710655.000000	-38.106834	5334	0.000000
281474976710655.000000	-30.145523	5335	0.000000
281474976710655.000000	-43.353725	5336	0.000000
281474976710655.000000	-45.650379	5337	0.000000
281474976710655.000000	-33.372166	5338	0.000000
281474976710655.000000	-35.676010	5339	0.000000
281474976710655.000000	-30.786556	5340	0.000000
281474976710655.000000	-42.948673	5341	0.000000
281474976710655.000000	-41.614037	5342	0.000000
281474976710655.000000	-34.947647	5343	0.000000
281474976710655.000000	-45.134464	5344	0.000000
281474976710655.000000	-45.678047	5345	0.000000
281474976710655.000000	-35.829403	5346	0.000000
281474976710655.000000	-30.520367	5347	0.000000
281474976710655.000000	-34.809757	5348	0.000000
281474976710655.000000	-38.001614	5349	0.000000
281474976710655.000000	-34.481659	5350	0.000000
281474976710655.000000	-38.917221	5351	0.000000
281474976710655.000000	-44.388451	5352	0.000000
281474976710655.000000	-32.097710	5353	0.000000
281474976710655.000000	-34.162380	5354	0.000000
281474976710655.000000	-33.934292	5355	0.000000
281474976710655.000000	-34.018551	5356	0.000000
281474976710655.000000	-36.393124	5357	0.000000
281474976710655.000000	-32.156071	5358	0.000000
281474976710655.000000	-33.949551	5359	0.000000
281474976710655.000000	-43.448097	5360	0.000000
281474976710655.000000	-40.957806	5361	0.000000
281474976710655.000000	-30.435301	5362	0.000000
281474976710655.000000	-38.379093	5363	0.000000
281474976710655.000000	-42.201962	5364	0.000000
281474976710655.000000	-30.684689	5365	0.000000
281474976710655.000000	-31.030460	5366	0.000000
281474976710655.000000	-34.005211	5367	0.000000
281474976710655.000000	-34.546696	5368	0.000000
281474976710655.000000	-34.546696	5369	0.000000
281474976710655.000000	-38.900764	5370	0.000000
281474976710655.000000	-29.365662	5371	0.000000
281474976710655.000000	-32.002979	5372	0.000000
281474976710655.000000	-30.475786	5373	0.000000
281474976710655.000000	-35.901314	5374	0.000000
281474976710655.000000	-34.460258	5375	0.000000
281474976710655.000000	-29.609613	5376	0.000000
281474976710655.000000	-27.210781	5377	0.000000
281474976710655.000000	-28.878698	5378	0.000000
281474976710655.000000	-27.883774	5379	0.000000
281474976710655.000000	-33.179195	5380	0.000000
281474976710655.000000	-37.090805	5381	0.000000
281474976710655.000000	-31.144398	5382	0.000000
281474976710655.000000	-39.830990	5383	0.000000
281474976710655.000000	-29.936665	5384	0.000000
281474976710655.000000	-33.515453	5385	0.000000
281474976710655.000000	-30.133852	5386	0.000000
281474976710655.000000	-29.965155	5387	0.000000
281474976710655.000000	-28.144030	5388	0.000000
281474976710655.000000	-35.527851	5389	0.000000
281474976710655.000000	-37.998440	5390	0.000000
281474976710655.000000	-29.569229	5391	0.000000
281474976710655.000000	-28.606712	5392	0.000000
281474976710655.000000	-34.193237	5393	0.000000
281474976710655.000000	-27.037336	5394	0.000000
281474976710655.000000	-32.566605	5395	0.000000
281474976710655.000000	-33.714520	5396	0.000000
281474976710655.000000	-29.027922	5397	0.000000
281474976710655.000000	-28.365391	5398	0.000000
281474976710655.000000	-33.716572	5399	0.000000
281474976710655.000000	-37.738506	5400	0.000000
281474976710655.000000	-27.847040	5401	0.000000
281474976710655.000000	-31.200216	5402	0.000000
281474976710655.000000	-31.149529	5403	0.000000
281474976710655.000000	-27.804138	5404	0.000000
281474976710655.000000	-27.814350	5405	0.000000
281474976710655.000000	-33.151737	5406	0.000000
281474976710655.000000	-30.717468	5407	0.000000
281474976710655.000000	-35.018269	5408	0.000000
281474976710655.000000	-30.295101	5409	0.000000
281474976710655.000000	-29.608572	5410	0.000000
281474976710655.000000	-29.920494	5411	0.000000
281474976710655.000000	-33.156025	5412	0.000000
281474976710655.000000	-32.436710	5413	0.000000
281474976710655.000000	-29.378025	5414	0.000000
281474976710655.000000	-29.310144	5415	0.000000
281474976710655.000000	-32.397682	5416	0.000000
281474976710655.000000	-26.902191	5417	0.000000
281474976710655.000000	-27.378901	5418	0.000000
281474976710655.000000	-28.886700	5419	0.000000
281474976710655.000000	-28.485756	5420	0.000000
281474976710655.000000	-32.930801	5421	0.000000
281474976710655.000000	-28.366161	5422	0.000000
281474976710655.000000	-29.627811	5423	0.000000
281474976710655.000000	-26.141588	5424	0.000000
281474976710655.000000	-30.023651	5425	0.000000
281474976710655.000000	-28.079498	5426	0.000000
281474976710655.000000	-28.240198	5427	0.000000
281474976710655.000000	-25.781767	5428	0.000000
281474976710655.000000	-33.405033	5429	0.000000
281474976710655.000000	-25.900742	5430	0.000000
281474976710655.000000	-26.616682	5431	0.000000
281474976710655.000000	-27.815134	5432	0.000000
281474976710655.000000	-30.788355	5433	0.000000
281474976710655.000000	-24.159645	5434	0.000000
281474976710655.000000	-32.499950	5435	0.000000
281474976710655.000000	-29.995157	5436	0.000000
281474976710655.000000	-24.685232	5437	0.000000
281474976710655.000000	-26.647747	5438	0.000000
281474976710655.000000	-26.742697	5439	0.000000
281474976710655.000000	-26.744709	5440	0.000000
281474976710655.000000	-31.873690	5441	0.000000
281474976710655.000000	-22.668222	5442	0.000000
281474976710655.000000	-27.336880	5443	0.000000
281474976710655.000000	-22.423599	5444	0.000000
281474976710655.000000	-26.790073	5445	0.000000
281474976710655.000000	-25.394222	5446	0.000000
281474976710655.000000	-26.255831	5447	0.000000
281474976710655.000000	-23.775782	5448	0.000000
281474976710655.000000	-26.319805	5449	0.000000
281474976710655.000000	-21.850266	5450	0.000000
281474976710655.000000	-25.096857	5451	0.000000
281474976710655.000000	-24.124180	5452	0.000000
281474976710655.000000	-23.079638	5453	0.000000
281474976710655.000000	-25.564341	5454	0.000000
281474976710655.000000	-22.481514	5455	0.000000
281474976710655.000000	-24.978165	5456	0.000000
281474976710655.000000	-25.418242	5457	0.000000
281474976710655.000000	-24.402308	5458	0.000000
281474976710655.000000	-25.379648	5459	0.000000
281474976710655.000000	-23.709248	5460	0.000000
281474976710655.000000	-25.366686	5461	0.000000
281474976710655.000000	-24.318243	5462	0.000000
281474976710655.000000	-23.084663	5463	0.000000
281474976710655.000000	-23.464792	5464	0.000000
281474976710655.000000	-24.069094	5465	0.000000
281474976710655.000000	-21.737316	5466	0.000000
281474976710655.000000	-24.066607	5467	0.000000
281474976710655.000000	-21.333742	5468	0.000000
281474976710655.000000	-23.254229	5469	0.000000
281474976710655.000000	-23.314812	5470	0.000000
281474976710655.000000	-22.506329	5471	0.000000
281474976710655.000000	-20.788143	5472	0.000000
281474976710655.000000	-22.320732	5473	0.000000
281474976710655.000000	-20.610044	5474	0.000000
281474976710655.000000	-22.006258	5475	0.000000
281474976710655.000000	-21.695070	5476	0.000000
281474976710655.000000	-23.867104	5477	0.000000
281474976710655.000000	-20.982601	5478	0.000000
281474976710655.000000	-22.355316	5479	0.000000
281474976710655.000000	-20.428551	5480	0.000000
281474976710655.000000	-21.962202	5481	0.000000
281474976710655.000000	-19.594378	5482	0.000000
281474976710655.000000	-20.360519	5483	0.000000
281474976710655.000000	-20.059616	5484	0.000000
281474976710655.000000	-20.707100	5485	0.000000
281474976710655.000000	-20.399349	5486	0.000000
281474976710655.000000	-21.676388	5487	0.000000
281474976710655.000000	-19.351580	5488	0.000000
281474976710655.000000	-21.448811	5489	0.000000
281474976710655.000000	-18.959072	5490	0.000000
281474976710655.000000	-21.016352	5491	0.000000
281474976710655.000000	-19.524830	5492	0.000000
281474976710655.000000	-19.889057	5493	0.000000
281474976710655.000000	-19.308184	5494	0.000000
281474976710655.000000	-19.544477	5495	0.000000
281474976710655.000000	-18.741581	5496	0.000000
281474976710655.000000	-19.271336	5497	0.000000
281474976710655.000000	-18.147411	5498	0.000000
281474976710655.000000	-19.929972	5499	0.000000
281474976710655.000000	-17.836540	5500	0.000000
281474976710655.000000	-18.971058	5501	0.000000
281474976710655.000000	-17.407738	5502	0.000000
281474976710655.000000	-18.564255	5503	0.000000
281474976710655.000000	-17.898119	5504	0.000000
281474976710655.000000	-18.468506	5505	0.000000
281474976710655.000000	-16.905380	5506	0.000000
281474976710655.000000	-18.609253	5507	0.000000
281474976710655.000000	-16.951437	5508	0.000000
281474976710655.000000	-18.469742	5509	0.000000
281474976710655.000000	-17.323317	5510	0.000000
281474976710655.000000	-17.836687	5511	0.000000
281474976710655.000000	-17.136185	5512	0.000000
281474976710655.000000	-17.684582	5513	0.000000
281474976710655.000000	-16.571005	5514	0.000000
281474976710655.000000	-17.830374	5515	0.000000
281474976710655.000000	-16.984478	5516	0.000000
281474976710655.000000	-17.159521	5517	0.000000
281474976710655.000000	-16.129864	5518	0.000000
281474976710655.000000	-17.732969	5519	0.000000
281474976710655.000000	-15.621089	5520	0.000000
281474976710655.000000	-17.032503	5521	0.000000
281474976710655.000000	-15.601773	5522	0.000000
281474976710655.000000	-17.153055	5523	0.000000
281474976710655.000000	-15.529136	5524	0.000000
281474976710655.000000	-16.402912	5525	0.000000
281474976710655.000000	-15.312180	5526	0.000000
281474976710655.000000	-16.271229	5527	0.000000
281474976710655.000000	-14.602761	5528	0.000000
281474976710655.000000	-16.389935	5529	0.000000
281474976710655.000000	-14.346265	5530	0.000000
281474976710655.000000	-16.036888	5531	0.000000
281474976710655.000000	-14.629042	5532	0.000000
281474976710655.000000	-15.868039	5533	0.000000
281474976710655.000000	-14.183359	5534	0.000000
281474976710655.000000	-15.479393	5535	0.000000
281474976710655.000000	-13.720819	5536	0.000000
281474976710655.000000	-15.676222	5537	0.000000
281474976710655.000000	-14.007398	5538	0.000000
281474976710655.000000	-15.562723	5539	0.000000
281474976710655.000000	-13.707718	5540	0.000000
281474976710655.000000	-15.010447	5541	0.000000
281474976710655.000000	-13.324656	5542	0.000000
281474976710655.000000	-14.617420	5543	0.000000
281474976710655.000000	-13.187051	5544	0.000000
281474976710655.000000	-14.306972	5545	0.000000
281474976710655.000000	-13.081376	5546	0.000000
281474976710655.000000	-14.309016	5547	0.000000
281474976710655.000000	-12.822130	5548	0.000000
281474976710655.000000	-14.257491	5549	0.000000
281474976710655.000000	-12.801551	5550	0.000000
281474976710655.000000	-14.370350	5551	0.000000
281474976710655.000000	-12.524148	5552	0.000000
281474976710655.000000	-14.114003	5553	0.000000
281474976710655.000000	-12.538986	5554	0.000000
281474976710655.000000	-13.867097	5555	0.000000
281474976710655.000000	-12.154068	5556	0.000000
281474976710655.000000	-13.848968	5557	0.000000
281474976710655.000000	-12.065053	5558	0.000000
281474976710655.000000	-13.276390	5559	0.000000
281474976710655.000000	-11.913003	5560	0.000000
281474976710655.000000	-12.978464	5561	0.000000
281474976710655.000000	-11.586286	5562	0.000000
281474976710655.000000	-13.058282	5563	0.000000
281474976710655.000000	-11.253901	5564	0.000000
281474976710655.000000	-12.713634	5565	0.000000
281474976710655.000000	-11.262893	5566	0.000000
281474976710655.000000	-12.344622	5567	0.000000
281474976710655.000000	-11.133209	5568	0.000000
281474976710655.000000	-12.209479	5569	0.000000
281474976710655.000000	-10.970941	5570	0.000000
281474976710655.000000	-12.000371	5571	0.000000
281474976710655.000000	-11.003496	5572	0.000000
281474976710655.000000	-11.582336	5573	0.000000
281474976710655.000000	-10.816381	5574	0.000000
281474976710655.000000	-11.488259	5575	0.000000
281474976710655.000000	-10.613482	5576	0.000000
281474976710655.000000	-11.562768	5577	0.000000
281474976710655.000000	-10.584459	5578	0.000000
281474976710655.000000	-11.404151	5579	0.000000
281474976710655.000000	-10.385427	5580	0.000000
281474976710655.000000	-11.379621	5581	0.000000
281474976710655.000000	-10.071151	5582	0.000000
281474976710655.000000	-11.029230	5583	0.000000
281474976710655.000000	-9.883910	5584	0.000000
281474976710655.000000	-11.123213	5585	0.000000
281474976710655.000000	-9.736207	5586	0.000000
281474976710655.000000	-10.871739	5587	0.000000
281474976710655.000000	-9.495356	5588	0.000000
281474976710655.000000	-10.685692	5589	0.000000
281474976710655.000000	-9.482296	5590	0.000000
281474976710655.000000	-10.598068	5591	0.000000
281474976710655.000000	-9.320147	5592	0.000000
281474976710655.000000	-10.382117	5593	0.000000
281474976710655.000000	-9.048288	5594	0.000000
281474976710655.000000	-10.375806	5595	0.000000
281474976710655.000000	-8.879102	5596	0.000000
281474976710655.000000	-9.988664	5597	0.000000
281474976710655.000000	-8.803727	5598	0.000000
281474976710655.000000	-9.837836	5599	0.000000
281474976710655.000000	-8.633694	5600	0.000000
281474976710655.000000	-9.694599	5601	0.000000
281474976710655.000000	-8.702768	5602	0.000000
281474976710655.000000	-9.470434	5603	0.000000
281474976710655.000000	-8.546804	5604	0.000000
281474976710655.000000	-9.545439	5605	0.000000
281474976710655.000000	-8.381730	5606	0.000000
281474976710655.000000	-9.272682	5607	0.000000
281474976710655.000000	-8.206222	5608	0.000000
281474976710655.000000	-9.143538	5609	0.000000
281474976710655.000000	-8.096191	5610	0.000000
281474976710655.000000	-9.205898	5611	0.000000
281474976710655.000000	-8.016359	5612	0.000000
281474976710655.000000	-9.035926	5613	0.000000
281474976710655.000000	-7.830776	5614	0.000000
281474976710655.000000	-8.961351	5615	0.000000
281474976710655.000000	-7.742397	5616	0.000000
281474976710655.000000	-8.777204	5617	0.000000
281474976710655.000000	-7.601253	5618	0.000000
281474976710655.000000	-8.612434	5619	0.000000
281474976710655.000000	-7.537157	5620	0.000000
281474976710655.000000	-8.431021	5621	0.000000
281474976710655.000000	-7.359295	5622	0.000000
281474976710655.000000	-8.362550	5623	0.000000
281474976710655.000000	-7.212146	5624	0.000000
281474976710655.000000	-8.226623	5625	0.000000
281474976710655.000000	-7.073589	5626	0.000000
281474976710655.000000	-8.035065	5627	0.000000
281474976710655.000000	-7.018757	5628	0.000000
281474976710655.000000	-7.964485	5629	0.000000
281474976710655.000000	-6.893247	5630	0.000000
281474976710655.000000	-7.750025	5631	0.000000
281474976710655.000000	-6.794378	5632	0.000000
281474976710655.000000	-7.595593	5633	0.000000
281474976710655.000000	-6.773218	5634	0.000000
281474976710655.000000	-7.454855	5635	0.000000
281474976710655.000000	-6.557256	5636	0.000000
281474976710655.000000	-7.417573	5637	0.000000
281474976710655.000000	-6.403983	5638	0.000000
281474976710655.000000	-7.362029	5639	0.000000
281474976710655.000000	-6.316511	5640	0.000000
281474976710655.000000	-7.253504	5641	0.000000
281474976710655.000000	-6.205285	5642	0.000000
281474976710655.000000	-7.098156	5643	0.000000
281474976710655.000000	-6.121104	5644	0.000000
281474976710655.000000	-6.985747	5645	0.000000
281474976710655.000000	-6.014212	5646	0.000000
281474976710655.000000	-6.899944	5647	0.000000
281474976710655.000000	-5.891052	5648	0.000000
281474976710655.000000	-6.813545	5649	0.000000
281474976710655.000000	-5.769883	5650	0.000000
281474976710655.000000	-6.733882	5651	0.000000
281474976710655.000000	-5.667907	5652	0.000000
281474976710655.000000	-6.621088	5653	0.000000
281474976710655.000000	-5.650525	5654	0.000000
281474976710655.000000	-6.526579	5655	0.000000
281474976710655.000000	-5.568022	5656	0.000000
281474976710655.000000	-6.436732	5657	0.000000
281474976710655.000000	-5.537300	5658	0.000000
281474976710655.000000	-6.303769	5659	0.000000
281474976710655.000000	-5.480941	5660	0.000000
281474976710655.000000	-6.200226	5661	0.000000
281474976710655.000000	-5.390011	5662	0.000000
281474976710655.000000	-6.097166	5663	0.000000
281474976710655.000000	-5.329759	5664	0.000000
281474976710655.000000	-6.001834	5665	0.000000
281474976710655.000000	-5.226702	5666	0.000000
281474976710655.000000	-5.975189	5667	0.000000
281474976710655.000000	-5.153758	5668	0.000000
281474976710655.000000	-5.892673	5669	0.000000
281474976710655.000000	-4.990683	5670	0.000000
281474976710655.000000	-5.817975	5671	0.000000
281474976710655.000000	-4.886872	5672	0.000000
281474976710655.000000	-5.757168	5673	0.000000
281474976710655.000000	-4.824327	5674	0.000000
281474976710655.000000	-5.628030	5675	0.000000
281474976710655.000000	-4.734115	5676	0.000000
281474976710655.000000	-5.640357	5677	0.000000
281474976710655.000000	-4.658925	5678	0.000000
281474976710655.000000	-5.456662	5679	0.000000
281474976710655.000000	-4.565485	5680	0.000000
281474976710655.000000	-5.439387	5681	0.000000
281474976710655.000000	-4.519969	5682	0.000000
281474976710655.000000	-5.298164	5683	0.000000
281474976710655.000000	-4.455866	5684	0.000000
281474976710655.000000	-5.219130	5685	0.000000
281474976710655.000000	-4.419786	5686	0.000000
281474976710655.000000	-5.086202	5687	6662349824.000000
281474976710655.000000	-4.083803	5688	6663394304.000000
281474976710655.000000	-5.105343	5689	6664424448.000000
281474976710655.000000	-3.914861	5690	6665472512.000000
281474976710655.000000	-4.681090	5691	6666499072.000000
281474976710655.000000	-4.356063	5692	6668646912.000000
281474976710655.000000	-4.220517	5693	6670796288.000000
281474976710655.000000	-4.150317	5694	6672873984.000000
281474976710655.000000	-4.225768	5695	6674948096.000000
281474976710655.000000	-4.146304	5696	6677022208.000000
281474976710655.000000	-3.940807	5697	6679100928.000000
281474976710655.000000	-3.893690	5698	6681174016.000000
281474976710655.000000	-3.821652	5699	6683251200.000000
281474976710655.000000	-3.696668	5700	6685325312.000000
281474976710655.000000	-3.573229	5701	6687399936.000000
