num crossings	time (s)	maj axis (mm)	min axis (mm)	theta (rad )	slope (V/s)
5321	6281.476309	104.804250	1.632403	1.630879	38.247833
5323	6283.549206	104.142036	1.734121	1.636752	36.638261
5325	6285.624472	103.521322	1.772439	1.635437	38.171179
5327	6287.699147	103.377734	1.991030	1.635011	37.373178
5329	6289.773411	103.240739	2.142889	1.634810	37.195527
5331	6291.848230	103.105799	2.492728	1.635516	37.768029
5333	6293.924704	102.808442	2.745078	1.638634	36.691562
5335	6296.001823	102.556808	2.778655	1.641428	36.472868
5337	6298.076165	102.339221	2.777642	1.642630	37.518930
5339	6300.148461	102.149479	3.010345	1.640144	35.917133
5341	6302.221389	101.930163	3.318088	1.642313	35.678825
5343	6304.297456	101.701832	3.620361	1.645003	35.508059
5345	6306.374041	101.564401	3.715644	1.647326	35.539174
5347	6308.448961	101.463405	3.898697	1.647461	35.704975
5349	6310.522995	101.177766	4.212267	1.650577	36.030842
5351	6312.595890	100.865984	4.449125	1.656243	35.488743
5353	6314.670247	100.252033	4.384345	1.659276	35.098996
5355	6316.746722	99.773564	4.414906	1.656747	35.912405
5357	6318.823747	99.654205	4.589987	1.654506	34.747337
5359	6320.898774	99.797300	4.775840	1.655204	35.178697
5361	6322.972348	99.664603	5.200028	1.659630	34.349642
5363	6325.045265	99.746317	5.300968	1.663392	34.764006
5365	6327.118401	99.199278	5.569535	1.668185	33.066152
5367	6329.192738	98.860310	5.617158	1.669440	33.317005
5369	6331.267534	98.442254	5.853957	1.669728	33.373948
5371	6333.342329	98.364892	6.039495	1.671229	32.854836
5373	6335.418101	97.936653	6.300493	1.674051	33.642944
5375	6337.494188	97.891796	6.361333	1.674535	32.848188
5377	6339.570721	97.634625	6.505951	1.676717	32.986431
5379	6341.645983	97.235564	6.651729	1.677654	33.336540
5381	6343.720215	96.901156	6.804564	1.680516	32.447913
5383	6345.793660	96.661206	6.907589	1.680282	32.934167
5385	6347.866131	96.481651	7.138449	1.681424	31.963193
5387	6349.940108	96.191254	7.444049	1.685246	32.080756
5389	6352.015169	96.193484	7.598993	1.688575	32.051927
5391	6354.090252	95.872519	7.823050	1.692670	31.283549
5393	6356.165316	95.791736	7.956711	1.693635	30.269377
5395	6358.239346	95.442309	8.261381	1.696369	30.148660
5397	6360.313236	95.022595	8.379419	1.700063	30.833069
5399	6362.388144	94.763361	8.203157	1.701525	31.688273
5401	6364.464072	94.525952	8.177461	1.701422	30.988037
5403	6366.540583	94.313975	8.301426	1.702183	30.235854
5405	6368.616100	94.073936	8.552187	1.704043	29.665400
5407	6370.691654	93.937366	8.718230	1.706140	29.992318
5409	6372.766126	93.650001	8.935539	1.708919	29.366963
5411	6374.840931	93.586169	9.017791	1.711087	29.328757
5413	6376.915588	93.221205	9.355002	1.714909	29.094533
5415	6378.990311	93.142650	9.426453	1.716244	29.703035
5417	6381.064638	92.892680	9.626305	1.718801	28.565481
5419	6383.139405	92.712082	9.820755	1.722222	28.021817
5421	6385.213263	92.502508	10.018103	1.724930	27.691573
5423	6387.287532	92.318428	10.235410	1.729021	27.556451
5425	6389.361823	92.081108	10.368138	1.731184	27.593857
5427	6391.435794	91.680007	10.562605	1.735348	27.096270
5429	6393.510264	91.547423	10.696763	1.737214	27.131527
5431	6395.584662	91.302068	10.843567	1.739853	26.941672
5433	6397.659363	90.937687	11.087784	1.742392	26.520536
5435	6399.734869	90.843587	11.159552	1.743766	26.682882
5437	6401.809802	90.535698	11.347029	1.747373	25.615976
5439	6403.885447	90.202869	11.544555	1.749683	25.822712
5441	6405.960862	89.958876	11.732413	1.751893	25.686687
5443	6408.035872	89.716836	11.834148	1.754054	25.803116
5445	6410.110711	89.424000	11.971863	1.757520	25.378562
5447	6412.185569	89.201947	12.144459	1.759610	24.835274
5449	6414.260496	88.923954	12.361650	1.762544	24.397474
5451	6416.335071	88.722560	12.454517	1.765107	24.195990
5453	6418.409841	88.514884	12.604297	1.768837	24.277130
5455	6420.484535	88.342800	12.758765	1.771063	23.518071
5457	6422.558804	88.127742	12.945533	1.774302	23.262837
5459	6424.633033	87.907212	13.175684	1.777059	23.226743
5461	6426.707623	87.650113	13.340487	1.781253	22.958073
5463	6428.781821	87.382485	13.509280	1.784595	23.040146
5465	6430.855973	86.973825	13.738339	1.788126	22.408112
5467	6432.930588	86.936007	13.800404	1.790956	22.338347
5469	6435.004981	86.711862	13.917216	1.793895	21.853891
5471	6437.080273	86.415242	14.112521	1.797051	21.849664
5473	6439.155460	86.227770	14.195812	1.799849	21.294938
5475	6441.231014	85.984419	14.344463	1.802673	20.806559
5477	6443.306375	85.770515	14.443447	1.805813	21.029155
5479	6445.381609	85.512519	14.633803	1.808700	20.671157
5481	6447.456343	85.263730	14.752317	1.812213	20.703461
5483	6449.531335	85.031515	14.906514	1.815486	20.134833
5485	6451.606166	84.856090	15.026089	1.818308	20.249947
5487	6453.680437	84.616756	15.177325	1.822119	19.833171
5489	6455.755544	84.431242	15.302269	1.825292	19.759757
5491	6457.829855	84.264156	15.406105	1.828599	19.273906
5493	6459.903865	83.966068	15.609392	1.832775	18.854262
5495	6461.978434	83.707739	15.788298	1.836575	18.766401
5497	6464.052862	83.467807	15.907857	1.840304	18.588886
5499	6466.126582	83.201877	16.058323	1.844078	17.860940
5501	6468.201229	82.959002	16.223529	1.846930	17.668484
5503	6470.277117	82.712369	16.371304	1.850299	17.722913
5505	6472.351718	82.512044	16.484644	1.853422	17.441376
5507	6474.427210	82.272190	16.616210	1.857454	17.200693
5509	6476.502656	82.047480	16.729388	1.860384	17.090377
5511	6478.578262	81.789009	16.909660	1.864544	16.602282
5513	6480.653321	81.539245	17.076561	1.868025	17.313796
5515	6482.728249	81.320023	17.199797	1.871474	16.826408
5517	6484.802556	81.912202	27.121410	1.872153	16.467346
5519	6486.877464	80.894369	17.449045	1.880329	15.668354
5521	6488.952240	81.497504	27.355037	1.880643	15.811147
5523	6491.026721	80.444607	17.741125	1.887451	15.516815
5525	6493.100166	80.239538	17.849727	1.891812	15.303337
5527	6495.174655	80.888062	27.715220	1.892839	15.308053
5529	6497.248794	79.730757	18.123625	1.900275	14.208752
5531	6499.323657	79.439989	18.301703	1.904042	14.372266
5533	6501.398471	79.130089	18.517007	1.907807	14.149379
5535	6503.473855	78.814873	18.715430	1.912167	14.515736
5537	6505.549407	73.875567	22.652577	1.924658	13.935642
5539	6507.624164	79.557481	28.376453	1.917532	13.943154
5541	6509.700059	78.091995	19.060830	1.924182	13.680782
5543	6511.775508	77.882097	19.137466	1.927287	13.321118
5545	6513.849847	77.640968	19.252772	1.931607	13.320368
5547	6515.925088	77.381186	19.438185	1.934946	13.403104
5549	6518.000135	78.571324	28.889735	1.937888	12.982900
5551	6520.074201	76.874311	19.747973	1.944276	13.045247
5553	6522.148564	76.660803	19.857239	1.949250	12.841035
5555	6524.222498	76.405057	19.992078	1.952955	12.281059
5557	6526.296923	76.106101	20.176418	1.958369	12.254725
5559	6528.371836	75.861333	20.281139	1.962680	12.103957
5561	6530.446487	75.645858	20.354304	1.968962	11.804231
5563	6532.521928	75.359678	20.517228	1.972276	11.831010
5565	6534.596396	75.125321	20.635420	1.976481	11.545096
5567	6536.672529	74.873902	20.789245	1.980442	11.404170
5569	6538.748497	74.601084	20.954246	1.985020	11.155025
5571	6540.823318	74.390216	21.008470	1.989931	11.400245
5573	6542.899196	76.036024	30.058773	1.993136	11.110335
5575	6544.973858	73.964232	21.246714	1.998344	10.881818
5577	6547.048518	75.749329	30.272795	2.002053	10.728245
5579	6549.123632	73.510653	21.484701	2.008008	10.834594
5581	6551.198953	73.301771	21.672373	2.013813	10.605501
5583	6553.272586	75.152662	30.547004	2.015048	9.948987
5585	6555.346399	72.842832	21.905365	2.023714	9.841955
5587	6557.420427	72.589757	22.030847	2.028667	9.895708
5589	6559.495048	72.393601	22.071422	2.034109	9.631342
5591	6561.571117	72.098529	22.265224	2.038023	9.613296
5593	6563.644974	71.852046	22.347175	2.042888	9.578014
5595	6565.720706	71.605562	22.460465	2.047222	9.241307
5597	6567.796412	71.357673	22.601556	2.051853	8.830927
5599	6569.872016	73.482349	31.277845	2.054535	8.987952
5601	6571.947826	70.885353	22.862454	2.060674	8.830757
5603	6574.022518	70.701158	22.922240	2.065395	9.079875
5605	6576.098422	70.467223	23.070567	2.069512	8.773113
5607	6578.173313	70.229391	23.183707	2.075569	8.827621
5609	6580.247287	72.599431	31.656540	2.078903	8.370696
5611	6582.323518	72.432118	31.770606	2.082665	8.519980
5613	6584.397428	69.552704	23.551308	2.091487	8.233379
5615	6586.471245	72.039713	31.894050	2.094226	8.133827
5617	6588.546496	69.065345	23.809875	2.103168	8.128864
5619	6590.621553	68.852018	23.840705	2.107292	8.032259
5621	6592.695434	68.626719	23.937267	2.114370	8.134431
5623	6594.771081	68.362210	24.104244	2.117034	7.653497
5625	6596.847007	68.122885	24.162421	2.121514	7.669089
5627	6598.922029	67.854173	24.294714	2.126830	7.259711
5629	6600.998543	67.552841	24.411166	2.129775	7.423484
5631	6603.074182	67.255271	24.556091	2.135400	7.238788
5633	6605.149612	67.058851	24.576330	2.141320	7.182257
5635	6607.224038	66.780929	24.772134	2.146296	7.244947
5637	6609.298503	69.648780	32.702335	2.150104	6.805970
5639	6611.374412	69.429528	32.760883	2.155802	6.744352
5641	6613.448974	69.185169	32.806072	2.161876	6.767578
5643	6615.522466	68.961273	32.886304	2.166880	6.692461
5645	6617.599125	68.752092	32.949346	2.172929	6.493615
5647	6619.673394	68.521578	33.020602	2.178224	6.528282
5649	6621.748639	68.329893	33.066673	2.184255	6.303268
5651	6623.823545	68.170723	33.152193	2.189064	6.167147
5653	6625.898246	67.991400	33.195612	2.193873	6.223720
5655	6627.975067	67.831909	33.262574	2.199702	5.850538
5657	6630.050223	67.667686	33.312784	2.205196	5.918078
5659	6632.125979	67.517741	33.393991	2.209348	6.061408
5661	6634.201776	67.360501	33.438466	2.214700	5.941753
5663	6636.278080	67.214039	33.492080	2.220968	5.880965
5665	6638.353076	67.035803	33.529584	2.225666	5.839141
5667	6640.426214	66.902298	33.612593	2.231163	5.648861
5669	6642.501621	66.728186	33.667031	2.236185	5.696223
5671	6644.577209	66.560036	33.745850	2.241922	5.345149
5673	6646.651407	60.622607	28.164816	2.240968	5.466336
5677	6650.802791	62.441181	26.488715	2.257895	5.251012
5679	6652.877097	65.797475	33.954108	2.265076	5.191883
5681	6654.954068	65.668729	34.045217	2.271105	5.230674
5683	6657.028896	65.518294	34.080189	2.277049	5.079381
5685	6659.104605	65.340820	34.141962	2.281584	5.056119
5687	6661.180639	65.187344	34.186631	2.287195	5.038232
5689	6663.253980	64.641149	33.426496	2.323448	4.844751
5691	6665.331467	64.071899	34.204473	2.308195	4.349139
5693	6668.434792	123.343773	39.772837	2.391907	4.846637
5695	6672.589236	34.525497	92.440417	0.949391	4.522701
5697	6676.737343	33.866620	91.008477	0.973189	4.877753
5699	6680.889425	121.281341	41.885124	2.502399	4.279803
5701	6685.040696	34.302932	91.169092	0.976657	4.610766
